96 54 69
96 45 48
99 65 14
50 108 70
147 104 75
56 123 44
146 119 45
41 125 87
158 118 89
102 56 23
-1 -1 -1
-1 -1 -1
53 106 29
148 107 25
52 128 3
147 130 1
39 117 49
162 119 45
116 54 24
-1 -1 -1
-1 -1 -1
64 116 34
170 118 38
65 139 2
170 140 9
51 126 47
181 127 57
118 25 96
123 16 65
127 23 20
61 87 76
169 96 91
66 91 28
173 104 46
46 101 88
177 112 108
99 45 91
101 40 59
105 57 24
51 110 94
159 99 99
58 127 58
158 117 63
43 121 105
169 109 112
95 37 82
95 29 50
95 41 10
49 97 84
152 89 83
56 115 51
150 107 51
39 114 97
165 101 95
117 61 76
118 63 44
-1 -1 -1
66 118 90
166 123 94
69 137 57
161 141 61
56 130 104
174 136 105
116 58 84
116 59 49
-1 -1 -1
55 120 94
163 135 93
55 149 55
153 163 55
40 126 102
178 148 104
103 68 89
108 61 60
111 83 16
65 133 89
156 124 95
70 149 52
164 143 57
54 146 109
167 129 114
94 23 88
93 25 57
92 42 32
43 76 101
140 81 104
43 99 69
136 105 72
-1 -1 -1
-1 -1 -1
-1 -1 -1
-1 -1 -1
-1 -1 -1
-1 -1 -1
-1 -1 -1
63 99 79
163 103 77
-1 -1 -1
-1 -1 -1
94 71 91
94 75 62
-1 -1 -1
48 129 101
142 130 103
51 157 70
143 155 75
-1 -1 -1
-1 -1 -1
