95 48 74
95 45 55
99 65 14
55 104 69
145 101 72
-1 -1 -1
-1 -1 -1
46 119 79
156 115 79
-1 -1 -1
-1 -1 -1
-1 -1 -1
54 107 30
149 108 30
54 127 1
146 127 3
40 118 49
162 117 49
116 56 51
119 54 23
-1 -1 -1
65 109 39
164 113 45
69 123 4
165 129 14
51 119 48
174 127 58
-1 -1 -1
125 20 62
127 23 22
67 91 75
171 97 86
72 98 38
171 105 44
55 101 88
181 111 97
100 49 94
100 42 60
101 54 25
53 111 95
156 97 103
59 126 63
157 117 63
44 123 108
169 108 112
95 39 78
97 34 47
97 40 9
52 95 86
151 87 87
-1 -1 -1
146 99 41
41 112 103
164 99 98
118 64 76
116 69 48
117 86 21
65 121 82
160 132 84
66 141 47
-1 -1 -1
54 128 97
169 145 98
111 63 79
110 61 60
-1 -1 -1
57 119 79
157 131 79
57 145 60
151 152 62
-1 -1 -1
170 140 85
94 76 106
-1 -1 -1
108 94 14
59 152 81
147 144 86
63 165 53
153 164 65
44 161 98
-1 -1 -1
93 6 108
92 21 72
-1 -1 -1
43 73 100
131 80 100
43 91 84
127 98 80
25 80 111
-1 -1 -1
-1 -1 -1
119 11 77
117 35 49
66 72 105
165 69 111
-1 -1 -1
161 94 88
-1 -1 -1
171 91 116
100 72 85
101 67 67
-1 -1 -1
-1 -1 -1
-1 -1 -1
-1 -1 -1
143 154 55
43 143 95
-1 -1 -1
