108 50 72
109 42 52
115 52 8
63 103 63
158 103 68
-1 -1 -1
-1 -1 -1
53 120 73
168 119 74
105 43 44
103 36 19
-1 -1 -1
61 101 36
156 92 34
62 112 2
154 103 2
49 119 51
171 105 49
109 42 53
109 32 26
-1 -1 -1
58 102 40
160 98 36
59 107 5
158 107 5
46 116 49
172 115 46
103 40 96
101 29 75
102 32 34
54 108 91
160 100 96
58 114 53
160 108 53
44 120 105
173 113 106
103 48 93
102 39 59
102 49 25
54 109 94
158 99 101
59 123 62
157 117 62
45 122 106
171 111 110
105 57 72
109 53 43
111 61 8
58 113 79
159 107 86
66 133 42
157 121 44
46 130 95
171 119 98
106 51 78
106 49 49
111 58 20
59 114 79
156 112 86
65 123 42
152 121 49
48 126 93
166 126 100
111 50 81
109 43 58
105 67 28
63 117 82
169 116 81
65 140 58
165 135 60
46 126 95
185 126 88
99 60 126
100 57 71
100 67 25
59 131 96
148 124 90
59 141 65
151 141 65
46 142 115
168 134 111
114 41 114
113 48 70
111 55 48
69 110 99
161 111 99
71 125 79
158 125 74
52 121 112
180 120 112
109 46 98
111 43 78
112 59 38
60 111 108
158 105 117
63 124 74
158 123 84
47 124 121
166 127 121
111 61 94
111 54 69
110 67 30
66 113 93
154 117 90
64 131 52
152 133 52
50 128 109
167 134 109
